28.0 65.0
28.0 66.0
28.0 67.0
28.0 68.0
28.0 69.0
28.0 70.0
28.0 71.0
28.0 72.0
28.0 73.0
28.0 74.0
28.0 75.0
28.0 76.0
28.0 77.0
28.0 78.0
28.0 79.0
28.0 80.0
28.0 81.0
28.0 82.0
28.0 83.0
28.0 84.0
29.0 83.83333333333333
30.0 83.66666666666667
31.0 83.5
32.0 83.33333333333333
33.0 83.16666666666667
34.0 83.0
34.8 82.2
35.6 81.4
36.4 80.6
37.2 79.8
38.0 79.0
37.666666666666664 78.0
37.333333333333336 77.0
37.0 76.0
36.25 75.25
35.5 74.5
34.75 73.75
28.0 72.0
29.0 72.44444444444444
30.0 72.88888888888889
31.0 73.33333333333333
32.0 73.77777777777777
33.0 74.22222222222223
34.0 74.66666666666667
35.0 75.11111111111111
36.0 75.55555555555556
58.0 25.0
57.0 24.6
56.0 24.2
55.0 23.8
54.0 23.4
53.0 23.0
52.0 23.0
51.0 23.0
50.0 23.0
49.0 23.0
48.0 23.0
47.0 23.0
46.0 23.666666666666668
45.0 24.333333333333332
74.0 65.0
73.0 65.0
72.0 65.0
71.0 65.0
70.0 65.0
69.0 65.0
68.0 65.0
67.0 65.0
66.0 65.0
65.0 65.0
64.0 65.0
63.0 65.0
63.76923076923077 65.6923076923077
64.53846153846153 66.38461538461539
65.3076923076923 67.07692307692308
66.07692307692308 67.76923076923077
66.84615384615384 68.46153846153847
67.61538461538461 69.15384615384616
68.38461538461539 69.84615384615384
69.15384615384616 70.53846153846153
69.92307692307692 71.23076923076923
70.6923076923077 71.92307692307692
71.46153846153847 72.61538461538461
72.23076923076923 73.3076923076923
73.0 74.0
73.0 75.0
73.0 76.0
73.0 77.0
73.0 78.0
73.0 79.0
72.25 79.75
71.5 80.5
70.75 81.25
70.0 82.0
69.0 82.0
68.0 82.0
67.0 82.0
66.0 82.0
65.0 81.33333333333333
64.0 80.66666666666667
50.0 83.0
51.00768028492977 82.94340988903919
52.00268840560683 82.77435120963641
52.972511557596505 82.4949499727753
53.904953652058026 82.10871981112177
54.788288688638026 81.62051779305456
55.6114082167286 81.03648334221226
56.36396103067893 80.36396103067892
57.036483342212264 79.6114082167286
57.62051779305456 78.78828868863803
58.10871981112177 77.90495365205803
58.49494997277531 76.9725115575965
58.774351209636414 76.00268840560683
58.94340988903918 75.00768028492976
59.0 74.0
58.94340988903918 72.99231971507024
58.774351209636414 71.99731159439317
58.49494997277531 71.0274884424035
58.10871981112177 70.09504634794197
57.62051779305456 69.21171131136197
57.03648334221227 68.3885917832714
56.36396103067893 67.63603896932108
55.611408216728606 66.96351665778774
54.78828868863803 66.37948220694544
53.904953652058026 65.89128018887823
52.972511557596505 65.5050500272247
52.002688405606825 65.22564879036358
51.00768028492977 65.05659011096081
50.0 65.0
48.99231971507023 65.05659011096081
47.997311594393175 65.22564879036358
47.027488442403495 65.5050500272247
46.09504634794198 65.89128018887823
45.211711311361974 66.37948220694544
44.388591783271394 66.96351665778774
43.63603896932107 67.63603896932108
42.963516657787736 68.3885917832714
42.37948220694544 69.21171131136197
41.89128018887823 70.09504634794197
41.50505002722469 71.0274884424035
41.225648790363586 71.99731159439317
41.05659011096082 72.99231971507022
41.0 74.0
41.05659011096082 75.00768028492976
41.225648790363586 76.00268840560682
41.50505002722469 76.9725115575965
41.89128018887823 77.90495365205803
42.37948220694544 78.78828868863803
42.96351665778773 79.6114082167286
43.63603896932107 80.36396103067892
44.388591783271394 81.03648334221226
45.21171131136197 81.62051779305456
46.09504634794198 82.10871981112177
47.027488442403495 82.4949499727753
47.99731159439317 82.77435120963641
48.992319715070224 82.94340988903919
50.0 43.0
51.01020858120862 42.9635052412513
52.015150402637666 42.85421123177892
53.009586162954335 42.672687779941214
53.988331334563796 42.419881264964175
54.94628319333543 42.09710970295841
55.8784474218437 41.706055875393396
56.779964147426675 41.248758555854096
57.646133279311755 40.727601880819506
58.47243901271271 40.145302919879015
59.254573372144804 39.504897510189636
59.98845867121424 38.809724429026794
60.67026877178691 38.06340798694559
61.29644903170099 37.269839132303716
61.86373483702521 36.43315516565841
62.36916862224432 35.55771816979706
62.81011528963617 34.64809226785732
63.18427594745111 33.70901982810245
63.489699895269126 32.74539673940909
63.72479479404852 31.762246886369603
63.88833496784446 30.76469595708405
63.97946779391573 29.757944720195848
63.997718147904976 28.747241910492157
63.94299088091706 27.737856864431087
63.815571315581366 26.735052048261295
63.616123758511726 25.744055621959653
63.34568803691931 24.77003418202598
63.00567407743508 23.8180658252412
62.59785455540509 22.893113673822054
62.12435565298214 21.999999999999996
61.58764597419647 21.14338108492665
60.990523674797416 20.327722942979882
60.336101873964985 19.557278038032806
59.62779242394792 18.836063113076168
58.86928812224593 18.167838248780292
58.064543459073356 17.556087260175516
57.2177540004783 17.00399953365375
56.333334514603976 16.51445339898465
55.41589595513175 16.090001123036938
54.47022142190372 15.732855603440767
53.50124122405488 15.444878831564115
52.514007175664204 15.227572184951963
51.513666257935185 15.082068599838966
50.50543378521911 15.009126664544523
49.494566214780896 15.009126664544523
48.486333742064815 15.082068599838966
47.4859928243358 15.227572184951962
46.49875877594511 15.444878831564115
45.529778578096284 15.732855603440765
44.584104044868255 16.090001123036934
43.666665485396024 16.51445339898465
42.7822459995217 17.003999533653747
41.935456540926644 17.556087260175516
41.13071187775407 18.167838248780292
40.37220757605208 18.836063113076165
39.66389812603502 19.557278038032806
39.009476325202584 20.32772294297988
38.41235402580354 21.143381084926645
37.875644347017854 22.000000000000007
37.40214544459491 22.893113673822057
36.99432592256492 23.8180658252412
36.65431196308069 24.770034182025977
36.38387624148828 25.744055621959646
36.184428684418634 26.735052048261295
36.05700911908294 27.737856864431084
36.002281852095024 28.747241910492146
36.02053220608427 29.757944720195844
36.11166503215554 30.764695957084047
36.27520520595148 31.762246886369606
36.51030010473088 32.745396739409095
36.81572405254889 33.70901982810245
37.18988471036383 34.648092267857315
37.63083137775568 35.55771816979706
38.13626516297479 36.43315516565841
38.70355096829901 37.269839132303716
39.329731228213085 38.06340798694558
40.01154132878575 38.80972442902679
40.745426627855196 39.50489751018963
41.52756098728728 40.14530291987901
42.353866720688245 40.727601880819506
43.220035852573325 41.248758555854096
44.12155257815629 41.706055875393396
45.05371680666456 42.097109702958406
46.0116686654362 42.419881264964175
46.99041383704566 42.672687779941214
47.98484959736233 42.85421123177892
48.98979141879138 42.9635052412513
55.0 36.0
56.0 35.732050807568875
56.732050807568875 35.0
57.0 34.0
56.732050807568875 33.0
56.0 32.267949192431125
55.0 32.0
54.0 32.267949192431125
53.267949192431125 33.0
53.0 34.0
53.267949192431125 35.0
54.0 35.732050807568875
46.0 36.0
47.0 35.732050807568875
47.732050807568875 35.0
48.0 34.0
47.732050807568875 33.0
47.0 32.267949192431125
46.0 32.0
45.0 32.267949192431125
44.267949192431125 33.0
44.0 34.0
44.267949192431125 35.0
45.0 35.732050807568875
